
Descriptive statistics
=======================================================
Statistic N  Mean  St. Dev. Min  Pctl(25) Pctl(75) Max 
-------------------------------------------------------
mpg       32 20.1    6.0     10    15.4     22.8    34 
cyl       32  6.2    1.8     4      4        8      8  
disp      32 230.7  123.9    71   120.8     326    472 
hp        32 146.7   68.6    52    96.5     180    335 
drat      32  3.6    0.5    2.8    3.1      3.9    4.9 
wt        32  3.2    1.0    1.5    2.6      3.6    5.4 
qsec      32 17.8    1.8    14.5   16.9     18.9   22.9
vs        32  0.4    0.5     0      0        1      1  
am        32  0.4    0.5     0      0        1      1  
gear      32  3.7    0.7     3      3        4      5  
carb      32  2.8    1.6     1      2        4      8  
-------------------------------------------------------
